530.11 
507.96 
514.82 
511.07 
508.92 
455.37 
503.34 
506.76 
484.44 
498.32 
487.04 
498.30 
493.58 
499.60 
507.27 
513.89 
518.09 
469.96 
485.66 
537.41 
483.85 
513.51 
506.26 
476.70 
546.91 
499.76 
518.64 
500.58 
521.46 
487.99 
494.20 
487.30 
477.54 
494.88 
520.22 
508.97 
486.16 
492.91 
497.29 
461.73 
503.15 
506.74 
501.09 
472.13 
455.31 
457.61 
505.56 
494.16 
477.45 
475.16 
484.48 
489.97 
495.74 
505.56 
501.93 
480.59 
460.24 
534.04 
501.60 
467.76 
503.32 
493.78 
508.92 
493.31 
512.46 
522.66 
509.62 
530.68 
507.17 
477.99 
497.26 
488.93 
521.54 
490.25 
500.12 
510.47 
505.40 
504.84 
494.40 
483.37 
458.18 
515.49 
474.09 
499.98 
508.73 
453.57 
507.91 
490.20 
508.28 
487.04 
508.40 
471.61 
544.45 
487.20 
492.38 
496.37 
507.50 
483.34 
557.94 
497.68 
501.97 
467.15 
481.25 
525.14 
515.71 
493.95 
523.90 
540.39 
508.49 
489.17 
522.94 
473.99 
491.53 
490.68 
545.22 
481.64 
477.50 
470.84 
460.29 
501.23 
496.49 
469.03 
506.77 
509.42 
468.31 
481.58 
531.79 
459.22 
518.34 
501.86 
463.36 
514.42 
486.67 
492.43 
484.81 
511.73 
497.65 
505.84 
503.21 
459.05 
466.90 
480.99 
522.22 
488.14 
468.49 
505.45 
500.47 
548.12 
473.72 
502.13 
533.11 
492.70 
528.09 
501.75 
513.73 
503.62 
499.34 
500.78 
503.83 
525.28 
499.55 
453.14 
483.19 
515.89 
548.09 
525.35 
485.10 
499.70 
499.66 
490.65 
485.64 
496.13 
492.50 
497.64 
517.68 
501.71 
502.33 
489.39 
515.91 
495.01 
487.26 
463.61 
481.71 
506.91 
514.04 
479.57 
507.18 
487.83 
489.68 
492.00 
473.95 
508.07 
497.92 
498.28 
497.97 
503.57 
478.78 
506.89 
498.69 
520.54 
472.26 
485.98 
477.07 
502.65 
482.16 
529.45 
528.76 
464.69 
476.85 
489.41 
527.16 
532.82 
490.74 
499.69 
500.80 
487.62 
484.99 
484.81 
487.89 
518.44 
519.23 
510.82 
515.06 
498.16 
489.85 
505.45 
494.93 
500.13 
532.24 
508.05 
483.32 
468.21 
509.58 
493.16 
512.73 
462.14 
511.51 
529.51 
489.06 
495.99 
526.68 
482.99 
511.76 
528.37 
480.06 
551.80 
530.26 
474.58 
511.60 
494.56 
519.21 
485.32 
460.90 
490.87 
518.75 
518.19 
488.75 
497.94 
468.01 
521.18 
501.42 
527.84 
521.40 
468.76 
470.05 
484.16 
511.07 
527.61 
469.09 
489.01 
507.04 
505.48 
490.79 
537.16 
501.03 
524.08 
530.51 
544.10 
483.64 
483.13 
483.60 
513.82 
476.23 
497.06 
484.88 
502.63 
516.19 
495.80 
494.74 
483.51 
502.99 
518.67 
482.49 
452.67 
507.66 
502.82 
511.58 
511.31 
492.32 
477.77 
511.22 
492.32 
504.06 
533.58 
489.09 
474.82 
515.26 
540.66 
556.63 
516.40 
529.07 
477.57 
503.46 
500.32 
524.88 
493.93 
492.10 
491.21 
528.83 
483.38 
508.33 
501.07 
511.65 
515.37 
500.02 
516.51 
492.52 
499.30 
532.13 
531.94 
490.94 
510.89 
516.92 
470.36 
490.77 
488.97 
516.98 
511.69 
463.88 
478.35 
479.88 
493.82 
509.31 
503.47 
504.89 
498.04 
475.75 
512.26 
436.82 
487.70 
513.54 
525.36 
534.54 
514.53 
499.25 
470.12 
481.74 
525.55 
493.28 
509.05 
508.16 
511.29 
526.01 
487.15 
495.51 
523.94 
500.89 
516.44 
471.40 
502.48 
536.47 
515.60 
491.95 
501.84 
516.45 
489.41 
521.32 
482.08 
519.85 
487.73 
490.56 
509.76 
520.25 
518.74 
495.35 
525.27 
505.25 
477.64 
516.85 
499.12 
517.89 
490.38 
542.72 
543.42 
492.42 
485.99 
528.51 
491.16 
495.16 
500.75 
504.01 
469.29 
505.86 
509.98 
483.31 
505.67 
468.36 
496.44 
517.77 
467.00 
536.95 
509.78 
507.49 
502.56 
523.80 
510.93 
494.33 
518.25 
491.30 
468.96 
518.99 
504.65 
524.90 
525.06 
496.72 
487.94 
503.80 
489.16 
503.01 
503.40 
518.59 
511.25 
491.65 
499.34 
472.46 
488.23 
501.65 
520.19 
519.04 
515.50 
512.70 
497.00 
518.13 
486.32 
496.79 
458.35 
483.77 
483.01 
491.32 
475.53 
506.93 
480.74 
523.08 
481.36 
503.98 
506.75 
541.22 
475.22 
512.25 
497.88 
514.30 
476.71 
500.63 
496.89 
513.84 
473.04 
497.34 
477.33 
478.83 
457.92 
519.44 
486.63 
504.64 
505.35 
507.54 
513.87 
506.81 
478.82 
503.60 
484.86 
501.99 
501.31 
506.62 
477.08 
509.99 
505.55 
419.61 
543.83 
482.52 
498.86 
469.74 
501.16 
493.30 
479.15 
499.75 
479.10 
515.36 
501.61 
518.95 
521.96 
440.69 
518.97 
507.34 
521.64 
524.23 
509.50 
493.47 
496.17 
512.90 
523.35 
468.92 
512.35 
522.81 
511.57 
508.41 
463.79 
516.81 
492.01 
488.71 
515.94 
504.80 
513.18 
484.25 
489.58 
516.49 
471.16 
526.29 
476.48 
515.37 
490.34 
533.03 
511.09 
565.81 
465.09 
478.54 
490.29 
507.29 
486.88 
525.26 
497.89 
512.89 
498.08 
504.33 
528.31 
510.25 
482.61 
502.00 
530.49 
473.04 
502.79 
500.37 
519.67 
467.79 
498.39 
508.74 
505.66 
485.18 
509.48 
513.54 
522.36 
487.90 
476.24 
523.24 
477.48 
503.31 
496.35 
518.63 
497.51 
491.88 
495.74 
535.31 
516.07 
501.09 
475.82 
473.47 
485.91 
487.77 
461.42 
506.52 
515.65 
502.59 
518.92 
547.41 
541.66 
480.87 
528.33 
519.62 
501.85 
507.68 
491.65 
500.10 
487.34 
478.69 
468.36 
506.49 
479.55 
516.86 
462.26 
521.44 
498.50 
531.14 
497.59 
513.07 
503.58 
473.04 
494.11 
499.32 
505.31 
521.45 
462.80 
528.80 
559.80 
504.00 
508.30 
466.58 
507.86 
518.84 
495.24 
477.80 
500.49 
469.76 
486.02 
507.18 
539.95 
518.27 
517.84 
507.69 
475.57 
518.09 
504.00 
492.44 
459.96 
493.82 
498.80 
499.35 
464.54 
501.89 
483.66 
493.76 
498.29 
476.81 
500.93 
489.29 
464.56 
497.47 
490.66 
515.42 
480.69 
470.64 
534.28 
492.13 
456.68 
488.37 
471.00 
536.40 
493.61 
513.36 
550.43 
478.57 
480.91 
497.85 
504.40 
454.95 
517.60 
502.13 
507.45 
511.31 
493.13 
480.90 
488.45 
534.80 
465.88 
496.40 
506.46 
500.67 
510.61 
454.65 
477.60 
510.50 
490.59 
518.30 
497.57 
485.46 
494.58 
523.59 
485.70 
487.48 
506.97 
526.73 
509.26 
532.89 
491.02 
499.86 
520.28 
537.42 
523.28 
480.82 
492.00 
471.39 
502.05 
509.99 
506.93 
480.44 
516.38 
537.46 
506.70 
502.26 
477.07 
525.26 
518.19 
519.74 
486.18 
500.09 
519.36 
509.05 
504.56 
490.35 
499.59 
452.13 
486.42 
499.65 
531.29 
516.48 
496.90 
514.04 
477.03 
494.57 
552.88 
513.07 
486.92 
508.08 
477.65 
503.52 
511.95 
496.20 
484.05 
513.13 
459.02 
487.24 
498.02 
523.14 
482.86 
477.05 
515.51 
522.82 
509.32 
532.09 
480.35 
493.60 
526.11 
474.09 
490.14 
513.22 
502.35 
488.42 
507.48 
503.35 
495.21 
499.03 
509.22 
527.40 
467.29 
506.13 
500.74 
528.58 
462.33 
503.24 
492.84 
507.56 
484.51 
486.10 
527.29 
493.36 
521.07 
510.26 
509.00 
478.90 
503.27 
491.85 
496.73 
487.28 
501.75 
513.24 
480.52 
483.53 
515.75 
513.93 
485.97 
482.53 
481.05 
473.36 
462.04 
513.70 
537.63 
499.05 
500.06 
545.61 
475.00 
483.52 
509.39 
506.33 
491.99 
494.92 
526.58 
468.66 
503.97 
508.57 
488.13 
510.88 
528.32 
502.88 
484.44 
488.96 
512.90 
513.64 
476.80 
479.21 
510.38 
524.28 
528.32 
484.82 
517.62 
452.68 
515.47 
486.57 
492.28 
505.75 
497.02 
509.82 
466.57 
492.80 
513.92 
485.94 
514.32 
548.97 
502.37 
494.27 
517.43 
523.42 
511.31 
492.92 
504.83 
489.51 
474.93 
487.52 
514.77 
466.10 
497.93 
501.71 
502.71 
509.02 
537.19 
510.40 
495.88 
529.32 
497.56 
508.08 
485.51 
515.83 
479.37 
524.12 
511.50 
512.35 
504.95 
502.09 
523.08 
494.65 
482.31 
509.84 
498.83 
491.60 
507.60 
465.19 
509.60 
506.73 
507.20 
524.29 
492.26 
475.92 
497.05 
512.04 
494.78 
515.77 
479.35 
509.51 
530.96 
466.03 
455.31 
497.70 
497.91 
499.74 
504.18 
490.81 
459.64 
475.98 
491.96 
499.80 
512.32 
525.62 
534.51 
491.07 
534.44 
516.69 
532.91 
494.11 
473.14 
472.49 
495.18 
453.58 
528.45 
506.85 
519.19 
499.56 
502.46 
535.20 
526.42 
495.45 
485.05 
508.38 
475.50 
536.82 
529.80 
524.49 
504.24 
482.68 
470.24 
532.31 
450.92 
521.57 
499.99 
438.69 
466.88 
481.04 
495.69 
508.41 
505.68 
517.05 
510.35 
494.71 
483.82 
501.70 
485.60 
506.50 
513.50 
484.57 
493.50 
487.85 
496.01 
491.61 
523.91 
537.67 
493.24 
515.78 
493.46 
520.87 
485.62 
501.02 
513.10 
508.92 
505.26 
500.48 
497.59 
524.49 
507.18 
491.89 
485.50 
514.91 
520.21 
527.99 
505.69 
471.98 
491.58 
518.24 
545.88 
507.65 
507.25 
518.55 
508.15 
513.98 
491.66 
508.53 
488.63 
516.48 
497.20 
520.36 
499.66 
526.87 
519.62 
475.60 
499.00 
473.95 
482.96 
498.88 
503.28 
498.06 
465.84 
467.18 
502.21 
474.62 
513.95 